0 0.275469 0.840632 0.080937 0.133486
0 0.859000 0.703785 0.103469 0.088625
0 0.506875 0.464465 0.039844 0.037986
0 0.423457 0.420778 0.036367 0.032333
0 0.632777 0.560944 0.051336 0.049500
0 0.662930 0.520903 0.050391 0.051528
0 0.597277 0.640653 0.069102 0.088250
0 0.294945 0.466750 0.040344 0.047417
0 0.433406 0.898799 0.104328 0.202319
0 0.345359 0.493375 0.041641 0.040861
0 0.252156 0.402812 0.027406 0.029097
0 0.341906 0.411556 0.024609 0.018611
0 0.567004 0.446090 0.042586 0.036153
0 0.564305 0.489958 0.046016 0.044222
0 0.829719 0.612056 0.069625 0.062139
0 0.985582 0.640069 0.028383 0.079861
0 0.336473 0.427639 0.023617 0.025556
0 0.381531 0.625576 0.049594 0.074486
0 0.853082 0.944194 0.107055 0.111611
0 0.307930 0.530542 0.043984 0.070250
0 0.239098 0.520000 0.039148 0.060833
