0 0.698656 0.538021 0.054250 0.057986
0 0.734664 0.518403 0.049891 0.050639
0 0.284766 0.625569 0.061250 0.103528
0 0.615770 0.498736 0.050023 0.057472
0 0.839609 0.615944 0.074062 0.069472
0 0.779430 0.647431 0.085422 0.105139
0 0.262273 0.901354 0.121719 0.197292
0 0.623320 0.679389 0.076641 0.101222
0 0.551434 0.472951 0.049477 0.053958
0 0.230313 0.468889 0.033125 0.033611
0 0.328031 0.538875 0.041906 0.064139
0 0.543793 0.584840 0.056461 0.079847
0 0.661309 0.470590 0.047320 0.033847
0 0.555699 0.447319 0.044773 0.029639
0 0.515961 0.433694 0.043406 0.038083
0 0.464156 0.453764 0.034719 0.030861
0 0.460398 0.520340 0.055078 0.069125
0 0.378844 0.512222 0.044391 0.061639
0 0.384191 0.484431 0.036930 0.040611
0 0.324105 0.444778 0.038555 0.049250
0 0.274531 0.463229 0.035641 0.034792
0 0.235855 0.443653 0.032914 0.029250
0 0.268832 0.438701 0.034492 0.027542
0 0.297523 0.404326 0.028844 0.022653
0 0.438078 0.582187 0.048578 0.062819
0 0.990824 0.642319 0.018023 0.057972
0 0.476270 0.632667 0.059898 0.081889
0 0.292566 0.503799 0.040148 0.049764
