0 0.329320 0.545472 0.043297 0.060306
0 0.811191 0.676153 0.085023 0.082917
0 0.682719 0.721694 0.086203 0.128083
0 0.522504 0.693181 0.066523 0.116250
0 0.979398 0.580125 0.041125 0.071694
0 0.282738 0.782111 0.078508 0.169556
0 0.391469 0.444694 0.032813 0.030000
0 0.237180 0.521868 0.037109 0.047542
0 0.471910 0.424514 0.044383 0.043306
0 0.536387 0.436840 0.037523 0.029125
0 0.444977 0.466687 0.039203 0.036292
0 0.498922 0.483681 0.047953 0.047806
0 0.676066 0.580743 0.060523 0.066819
0 0.927449 0.608486 0.083602 0.075306
0 0.397461 0.657521 0.071953 0.137236
0 0.590863 0.532701 0.047039 0.051819
0 0.608715 0.472639 0.047258 0.048056
0 0.445977 0.573229 0.051172 0.065486
0 0.936516 0.690715 0.085641 0.073569
0 0.675391 0.964653 0.108437 0.070694
0 0.662434 0.476319 0.042320 0.034861
0 0.546035 0.581264 0.068414 0.090972
0 0.285086 0.629944 0.045922 0.073972
0 0.274867 0.591292 0.040109 0.060639
0 0.341254 0.494646 0.040883 0.047069
