0 0.251047 0.551799 0.039781 0.048042
0 0.322051 0.417250 0.041477 0.034167
0 0.295547 0.778194 0.074219 0.142222
0 0.737191 0.492535 0.050461 0.051847
0 0.747402 0.577972 0.068320 0.064361
0 0.544289 0.736528 0.073797 0.112778
0 0.300391 0.595799 0.043438 0.075208
0 0.894266 0.458944 0.065406 0.063444
0 0.508398 0.561757 0.053203 0.065181
0 0.327363 0.539806 0.039883 0.059833
0 0.292254 0.505646 0.039008 0.060097
0 0.911133 0.596667 0.084453 0.068333
0 0.331172 0.486743 0.038906 0.044597
0 0.732828 0.801903 0.112391 0.180917
0 0.918324 0.552840 0.068320 0.048958
0 0.391316 0.636056 0.088258 0.189417
0 0.431754 0.509896 0.048180 0.063347
0 0.371832 0.478354 0.036742 0.036986
0 0.260688 0.485965 0.035578 0.041514
0 0.431687 0.571111 0.032906 0.059722
0 0.260809 0.454688 0.033398 0.034625
0 0.288277 0.439632 0.038477 0.040236
0 0.397691 0.429437 0.042570 0.053764
0 0.259383 0.409465 0.032172 0.030597
