0 0.345941 0.491472 0.043508 0.053167
0 0.780773 0.423181 0.035766 0.041250
0 0.408945 0.433653 0.030781 0.026778
0 0.374035 0.442299 0.034508 0.030236
0 0.264375 0.485833 0.040312 0.043889
0 0.212355 0.400910 0.025539 0.036569
0 0.249348 0.397347 0.025711 0.017917
0 0.306184 0.413299 0.020102 0.019597
0 0.850078 0.562396 0.061766 0.079153
0 0.778883 0.559674 0.084797 0.093708
0 0.528477 0.726479 0.067891 0.103097
0 0.719875 0.599687 0.064609 0.072569
0 0.274062 0.599097 0.042656 0.075417
0 0.454727 0.589278 0.056953 0.074500
0 0.584176 0.526993 0.048508 0.048792
0 0.384988 0.625278 0.057680 0.091667
0 0.479199 0.435299 0.035117 0.029542
0 0.575363 0.480375 0.052039 0.049361
0 0.615625 0.475840 0.031406 0.035847
0 0.482070 0.465972 0.040547 0.040556
0 0.430582 0.936389 0.140711 0.127222
0 0.813441 0.926944 0.151711 0.146111
0 0.258437 0.551139 0.041875 0.057833
0 0.453195 0.519910 0.045547 0.053986
