0 0.369660 0.588819 0.047242 0.070972
0 0.868500 0.931986 0.138156 0.136028
0 0.661844 0.967222 0.112844 0.065556
0 0.532184 0.585493 0.054289 0.068181
0 0.374703 0.518903 0.042719 0.049917
0 0.702527 0.502146 0.055586 0.060986
0 0.543266 0.464264 0.044156 0.043722
0 0.466695 0.422854 0.032422 0.023625
0 0.380270 0.478944 0.037758 0.035694
0 0.332367 0.483958 0.040688 0.046111
0 0.256988 0.479750 0.036352 0.044389
0 0.249512 0.447035 0.033008 0.032486
0 0.597602 0.826569 0.094047 0.139778
0 0.920125 0.651618 0.100234 0.102764
0 0.657918 0.699174 0.088586 0.113542
0 0.443539 0.502944 0.049437 0.066778
0 0.495793 0.628722 0.061852 0.102194
0 0.765766 0.642278 0.076594 0.085111
0 0.628113 0.510549 0.053258 0.047597
0 0.648270 0.563778 0.056539 0.057556
0 0.466316 0.447257 0.040023 0.034903
0 0.308602 0.520437 0.039828 0.055792
0 0.543797 0.502125 0.047125 0.050056
0 0.400566 0.678736 0.060117 0.117528
0 0.425750 0.432222 0.024469 0.030278
0 0.345758 0.423583 0.032609 0.024778
