0 0.594570 0.530410 0.046641 0.057208
0 0.500371 0.556208 0.064102 0.071028
0 0.532148 0.678056 0.068516 0.112222
0 0.491277 0.462153 0.038070 0.037361
0 0.626020 0.499667 0.052102 0.052944
0 0.447148 0.458785 0.046641 0.046181
0 0.439703 0.581764 0.050281 0.067083
0 0.350801 0.469792 0.043555 0.064028
0 0.286719 0.596250 0.074219 0.171111
0 0.340258 0.541833 0.041922 0.063278
0 0.972012 0.717556 0.055977 0.093167
0 0.833344 0.552076 0.078156 0.064708
0 0.249137 0.515417 0.046070 0.069444
0 0.254602 0.457069 0.030609 0.032472
0 0.244453 0.431806 0.040156 0.036944
0 0.521426 0.440069 0.037523 0.053972
0 0.431398 0.423306 0.032984 0.033000
0 0.364348 0.436847 0.036398 0.037194
0 0.385000 0.428979 0.016953 0.023236
0 0.326047 0.419264 0.028703 0.029861
0 0.286305 0.404500 0.027406 0.025472
0 0.722699 0.548438 0.064523 0.070153
0 0.838293 0.618757 0.090289 0.080569
