0 0.313594 0.422715 0.027188 0.026264
0 0.849102 0.691688 0.090078 0.087819
0 0.520777 0.659306 0.069852 0.117778
0 0.774734 0.868618 0.118641 0.144708
0 0.575762 0.483083 0.049883 0.052889
0 0.877238 0.645674 0.081617 0.071264
0 0.249063 0.913681 0.100469 0.162083
0 0.363020 0.439056 0.033633 0.036056
0 0.674918 0.961222 0.118117 0.077556
0 0.597121 0.462854 0.030617 0.035708
0 0.421082 0.542278 0.055086 0.073250
0 0.493945 0.550118 0.051516 0.057597
0 0.236086 0.520660 0.036547 0.054097
0 0.264047 0.483826 0.036266 0.041319
0 0.229109 0.451875 0.037719 0.036389
0 0.311555 0.404014 0.024219 0.018333
0 0.371191 0.407833 0.031711 0.026250
0 0.488672 0.434576 0.031094 0.040819
0 0.444129 0.464215 0.036914 0.036069
0 0.240418 0.407618 0.034992 0.032542
0 0.456187 0.604014 0.051344 0.077194
0 0.715336 0.513646 0.055375 0.059792
0 0.700340 0.598917 0.066695 0.071306
0 0.267227 0.587076 0.047422 0.076542
0 0.340656 0.542938 0.051359 0.061986
0 0.284801 0.690958 0.060633 0.132806
0 0.409402 0.675194 0.059086 0.113833
