0 0.963164 0.603847 0.073672 0.071000
0 0.249039 0.402111 0.026719 0.023750
0 0.301055 0.420639 0.023359 0.020000
0 0.282148 0.402444 0.025859 0.021667
0 0.364078 0.413806 0.021797 0.022083
0 0.343727 0.431514 0.025937 0.023611
0 0.709727 0.551840 0.058672 0.062014
0 0.821617 0.560153 0.068016 0.058028
0 0.422434 0.562965 0.048570 0.073236
0 0.301055 0.651563 0.051656 0.096042
0 0.651094 0.440681 0.121719 0.085306
0 0.257773 0.547917 0.041484 0.070556
0 0.565512 0.478840 0.051898 0.052153
0 0.571453 0.526750 0.048375 0.048167
0 0.681953 0.498403 0.052344 0.048194
0 0.804105 0.508222 0.063258 0.047667
0 0.331973 0.538111 0.041992 0.060111
0 0.776859 0.655236 0.081438 0.071583
0 0.387285 0.428778 0.029914 0.027694
0 0.260461 0.946944 0.099891 0.106111
0 0.471715 0.972576 0.105477 0.054847
0 0.624699 0.871056 0.114977 0.169556
0 0.321125 0.479056 0.039688 0.035028
0 0.275488 0.489257 0.039445 0.046042
0 0.373062 0.512007 0.043812 0.048958
0 0.506980 0.425715 0.103133 0.087431
