0 0.237602 0.410056 0.025625 0.023806
0 0.608117 0.889674 0.110719 0.182292
0 0.686523 0.742688 0.090188 0.116347
0 0.458434 0.950951 0.122805 0.098097
0 0.635313 0.559486 0.057344 0.056028
0 0.772617 0.654979 0.075391 0.086347
0 0.814492 0.519597 0.058984 0.057917
0 0.769219 0.571813 0.065625 0.073042
0 0.275438 0.704514 0.061937 0.094306
0 0.271273 0.832722 0.079172 0.161889
0 0.497637 0.480660 0.042148 0.037292
0 0.325051 0.422500 0.032242 0.028056
0 0.555500 0.464306 0.056781 0.053056
0 0.760273 0.404618 0.031172 0.041042
0 0.966715 0.707167 0.066570 0.066278
0 0.597539 0.462986 0.028828 0.032361
0 0.477906 0.611021 0.064719 0.089292
0 0.378332 0.616243 0.058555 0.095569
0 0.238949 0.534528 0.036008 0.048194
0 0.397383 0.451521 0.037266 0.036958
0 0.426555 0.435278 0.041312 0.039722
0 0.318418 0.405813 0.023242 0.017819
0 0.307004 0.469944 0.038227 0.037833
0 0.272738 0.484361 0.039383 0.043722
0 0.266367 0.410569 0.023047 0.022472
