0 0.775879 0.538486 0.048945 0.041694
0 0.733008 0.623757 0.070859 0.069736
0 0.205559 0.484583 0.032633 0.056389
0 0.287625 0.502292 0.039000 0.041806
0 0.561016 0.512222 0.047031 0.050000
0 0.453633 0.958403 0.119766 0.083194
0 0.663395 0.492410 0.049289 0.038514
0 0.507156 0.446236 0.117687 0.133833
0 0.438652 0.442000 0.034883 0.032556
0 0.428191 0.502625 0.043164 0.050417
0 0.366195 0.509757 0.044641 0.056653
0 0.347934 0.429618 0.034680 0.031597
0 0.502387 0.554028 0.049195 0.056472
0 0.653180 0.522597 0.050672 0.047917
0 0.866523 0.720542 0.095391 0.096972
0 0.620637 0.551715 0.052273 0.055542
0 0.266898 0.539028 0.039328 0.063333
0 0.242234 0.467104 0.038031 0.049708
0 0.393242 0.689958 0.063672 0.096583
0 0.742605 0.561806 0.058023 0.054778
