0 0.630125 0.477215 0.050984 0.041931
0 0.322867 0.420972 0.029703 0.026389
0 0.262168 0.545826 0.041836 0.059764
0 0.245195 0.468882 0.037844 0.045958
0 0.323359 0.515882 0.047531 0.090819
0 0.825617 0.553174 0.072453 0.071042
0 0.502848 0.649653 0.069930 0.107361
0 0.765852 0.603111 0.068687 0.074000
0 0.559395 0.773688 0.081445 0.121792
0 0.836098 0.689924 0.088289 0.083458
0 0.486223 0.460910 0.030992 0.035125
0 0.556016 0.460847 0.035000 0.038972
0 0.281406 0.653479 0.057500 0.098347
0 0.348508 0.437528 0.027016 0.020889
0 0.390039 0.430139 0.032578 0.024722
0 0.462406 0.470069 0.032844 0.037917
0 0.233871 0.929458 0.093992 0.141083
0 0.431969 0.948646 0.118719 0.102708
0 0.971168 0.721042 0.057664 0.089861
0 0.615535 0.504410 0.049180 0.049069
0 0.621504 0.453090 0.044383 0.034097
